20  60
20020  63
40020  63
60020   9
80020  63
100020  31
120020   9
140020  87
160020  63
180020  45
200020  31
220020  19
240020   9
260020   0
280020  87
300020  74
320020  63
340020  54
360020  45
380020  37
400020  31
420020  24
440020  19
460020  13
480020   9
500020   4
520020   0
540020  94
560020  87
580020  80
600020  74
620020  69
640020  63
660020  58
680020  54
700020  49
720020  45
740020  41
760020  37
780020  34
800020  31
820020  27
840020  24
860020  21
880020  19
900020  16
920020  13
940020  11
960020   9
980020   6
1000020   4
1020020   2
1040020   0
1060020  97
1080020  94
1100020  90
1120020  87
1140020  83
1160020  80
1180020  77
1200020  74
1220020  71
1240020  69
1260020  66
1280020  63
1300020  61
1320020  58
1340020  56
1360020  54
1380020  51
1400020  49
1420020  47
1440020  45
1460020  43
1480020  41
1500020  39
1520020  37
1540020  36
1560020  34
1580020  32
1600020  31
1620020  29
1640020  27
1660020  26
1680020  24
1700020  23
1720020  21
1740020  20
1760020  19
1780020  17
1800020  16
1820020  15
1840020  13
1860020  12
1880020  11
1900020  10
1920020   9
1940020   8
1960020   6
1980020   5
2000020   4
2020020   3
2040020   2
2060020   1
2080020   0
2100020  99
2120020  97
2140020  95
2160020  94
2180020  92
2200020  90
2220020  88
2240020  87
2260020  85
2280020  83
2300020  82
2320020  80
2340020  79
2360020  77
2380020  76
2400020  74
2420020  73
2440020  71
2460020  70
2480020  69
2500020  67
2520020  66
2540020  65
2560020  63
2580020  62
2600020  61
2620020  60
2640020  58
2660020  57
2680020  56
2700020  55
2720020  54
2740020  53
2760020  51
2780020  50
2800020  49
2820020  48
2840020  47
2860020  46
2880020  45
2900020  44
2920020  43
2940020  42
2960020  41
2980020  40
3000020  39
3020020  38
3040020  37
3060020  37
3080020  36
3100020  35
3120020  34
3140020  33
3160020  32
3180020  31
3200020  31
3220020  30
3240020  29
3260020  28
3280020  27
3300020  27
3320020  26
3340020  25
3360020  24
3380020  24
3400020  23
3420020  22
3440020  21
3460020  21
3480020  20
3500020  19
3520020  19
3540020  18
3560020  17
3580020  17
3600020  16
3620020  15
3640020  15
3660020  14
3680020  13
3700020  13
3720020  12
3740020  12
3760020  11
3780020  10
3800020  10
3820020   9
3840020   9
3860020   8
3880020   8
3900020   7
3920020   6
3940020   6
3960020   5
3980020   5
4000020   4
4020020   4
4040020   3
4060020   3
4080020   2
4100020   2
4120020   1
4140020   1
4160020   0
4180020   0
